==============================
v3->pos:1.00 1.00 1.00   1
c3:0.75 1.00 3.03   4
p3:475.06 224.94 0.76   1
mouse move
mouse move
ts->world
1.000000, 0.000000, 0.000000, 0.000000
0.000000, 1.000000, 0.000000, 0.000000
0.000000, 0.000000, 1.000000, 0.000000
0.000000, 0.000000, 0.000000, 1.000000
ts->view
1.000000, 0.000000, 0.000000, 0.000000
0.000000, 1.000000, 0.000000, 0.000000
0.000000, 0.000000, 1.000000, 0.000000
-0.000000, -0.000000, 3.000000, 1.000000
ts->projection
0.750597, 0.000000, 0.000000, 0.000000
0.000000, 1.000797, 0.000000, 0.000000
0.000000, 0.000000, 1.010101, 1.000000
0.000000, 0.000000, -1.010101, 0.000000
ts->transform
0.750597, 0.000000, 0.000000, 0.000000
0.000000, 1.000797, 0.000000, 0.000000
0.000000, 0.000000, 1.010101, 1.000000
0.000000, 0.000000, 2.020202, 3.000000

	matrix_mul(&m, &ts->world, &ts->view);
	matrix_mul(&ts->transform, &m, &ts->projection);

	transform = world*view*projection
------
Vclip=projection*view*world

v3->pos:1.00 1.00 1.00   1
c3:0.75 1.00 3.00   1
mouse move
mouse move
ts->world
1.000000, 0.000000, 0.000000, 0.000000
0.000000, 1.000000, 0.000000, 0.000000
0.000000, 0.000000, 1.000000, 0.000000
0.000000, 0.000000, 0.000000, 1.000000
ts->view
1.000000, 0.000000, 0.000000, 0.000000
0.000000, 1.000000, 0.000000, 0.000000
0.000000, 0.000000, 1.000000, 0.000000
-0.000000, -0.000000, 3.000000, 1.000000
ts->projection
0.750597, 0.000000, 0.000000, 0.000000
0.000000, 1.000797, 0.000000, 0.000000
0.000000, 0.000000, 1.010101, 1.000000
0.000000, 0.000000, -1.010101, 0.000000
ts->transform
0.750597, 0.000000, 0.000000, 0.000000
0.000000, 1.000797, 0.000000, 0.000000
0.000000, 0.000000, 4.010101, 1.000000
0.000000, 0.000000, -1.010101, 0.000000


.


==============================
v1->pos:-1.00 -1.00 1.00   1
c1:-0.75 -1.00 99.98   2
v2->pos:1.00 -1.00 1.00   1
c2:0.75 -1.00 99.98   2
v3->pos:1.00 1.00 1.00   1
c3:0.75 1.00 99.98   2
p1:251.38 448.62 49.49   1
p2:548.62 448.62 49.49   1
p3:548.62 151.38 49.49   1


v1->pos:1.00 1.00 1.00   1
c1:0.75 1.00 99.98   2
v2->pos:-1.00 1.00 1.00   1
c2:-0.75 1.00 99.98   2
v3->pos:-1.00 -1.00 1.00   1
c3:-0.75 -1.00 99.98   2
p1:548.62 151.38 49.49   1
p2:251.38 151.38 49.49   1
p3:251.38 448.62 49.49   1


v1->pos:-1.00 1.00 -1.00   1
c1:-0.75 1.00 -97.98  -2
v2->pos:1.00 1.00 -1.00   1
c2:0.75 1.00 -97.98  -2
v3->pos:1.00 -1.00 -1.00   1
c3:0.75 -1.00 -97.98  -2
p1:548.62 448.62 48.50   1
p2:251.38 448.62 48.50   1
p3:251.38 151.38 48.50   1



v1->pos:1.00 -1.00 -1.00   1
c1:0.75 -1.00 -97.98  -2
v2->pos:-1.00 -1.00 -1.00   1
c2:-0.75 -1.00 -97.98  -2
v3->pos:-1.00 1.00 -1.00   1
c3:-0.75 1.00 -97.98  -2
p1:251.38 151.38 48.50   1
p2:548.62 151.38 48.50   1
p3:548.62 448.62 48.50   1


v1->pos:-1.00 -1.00 1.00   1
c1:-0.75 -ts->world
1.000000, 0.000000, 0.000000, 0.000000
0.000000, 1.000000, 0.000000, 0.000000
0.000000, 0.000000, 1.000000, 0.000000
0.000000, 0.000000, 0.000000, 1.000000
ts->view
1.000000, 0.000000, 0.000000, 0.000000
0.000000, 1.000000, 0.000000, 0.000000
0.000000, 0.000000, 1.000000, 0.000000
-0.000000, -0.000000, 100.000000, 1.000000
ts->projection
0.750597, 0.000000, 0.000000, 0.000000
0.000000, 1.000797, 0.000000, 0.000000
0.000000, 0.000000, -1.020202, 1.000000
0.000000, 0.000000, 2.020202, 0.000000
ts->transform
0.750597, 0.000000, 0.000000, 0.000000
0.000000, 1.000797, 0.000000, 0.000000
0.000000, 0.000000, 98.979797, 1.000000
0.000000, 0.000000, 2.020202, 0.000000
+++
:-1.00 -1.00 1.00   1
:-0.75 -1.00 99.98   2
:1.00 -1.00 1.00   1
:0.75 -1.00 99.98   2
:1.00 1.00 1.00   1
:0.75 1.00 99.98   2
---
:251.38 448.62 49.49   1
:548.62 448.62 49.49   1
:548.62 151.38 49.49   1
+++
:1.00 1.00 1.00   1
:0.75 1.00 99.98   2
:-1.00 1.00 1.00   1
:-0.75 1.00 99.98   2
:-1.00 -1.00 1.00   1
:-0.75 -1.00 99.98   2
---
:548.62 151.38 49.49   1
:251.38 151.38 49.49   1
:251.38 448.62 49.49   1
+++
:-1.00 1.00 -1.00   1
:-0.75 1.00 -97.98  -2
:1.00 1.00 -1.00   1
:0.75 1.00 -97.98  -2
:1.00 -1.00 -1.00   1
:0.75 -1.00 -97.98  -2
---
:548.62 448.62 48.50   1
:251.38 448.62 48.50   1
:251.38 151.38 48.50   1
+++
:1.00 -1.00 -1.00   1
:0.75 -1.00 -97.98  -2
:-1.00 -1.00 -1.00   1
:-0.75 -1.00 -97.98  -2
:-1.00 1.00 -1.00   1
:-0.75 1.00 -97.98  -2
---
:251.38 151.38 48.50   1
:548.62 151.38 48.50   1
:548.62 448.62 48.50   1
+++
:-1.00 -1.00 1.00   1
:-0.75 -1.00 99.98   2
:-1.00 -1.00 -1.00   1
:-0.75 -1.00 -97.98  -2
:1.00 -1.00 -1.00   1
:0.75 -1.00 -97.98  -2
---
:251.38 448.62 49.49   1
:548.62 151.38 48.50   1
:251.38 151.38 48.50   1
+++
:1.00 -1.00 -1.00   1
:0.75 -1.00 -97.98  -2
:1.00 -1.00 1.00   1
:0.75 -1.00 99.98   2
:-1.00 -1.00 1.00   1
:-0.75 -1.00 99.98   2
---
:251.38 151.38 48.50   1
:548.62 448.62 49.49   1
:251.38 448.62 49.49   1
+++
:1.00 -1.00 1.00   1
:0.75 -1.00 99.98   2
:1.00 -1.00 -1.00   1
:0.75 -1.00 -97.98  -2
:1.00 1.00 -1.00   1
:0.75 1.00 -97.98  -2
---
:548.62 448.62 49.49   1
:251.38 151.38 48.50   1
:251.38 448.62 48.50   1
+++
:1.00 1.00 -1.00   1
:0.75 1.00 -97.98  -2
:1.00 1.00 1.00   1
:0.75 1.00 99.98   2
:1.00 -1.00 1.00   1
:0.75 -1.00 99.98   2
---
:251.38 448.62 48.50   1
:548.62 151.38 49.49   1
:548.62 448.62 49.49   1
+++
:1.00 1.00 1.00   1
:0.75 1.00 99.98   2
:1.00 1.00 -1.00   1
:0.75 1.00 -97.98  -2
:-1.00 1.00 -1.00   1
:-0.75 1.00 -97.98  -2
---
:548.62 151.38 49.49   1
:251.38 448.62 48.50   1
:548.62 448.62 48.50   1
+++
:-1.00 1.00 -1.00   1
:-0.75 1.00 -97.98  -2
:-1.00 1.00 1.00   1
:-0.75 1.00 99.98   2
:1.00 1.00 1.00   1
:0.75 1.00 99.98   2
---
:548.62 448.62 48.50   1
:251.38 151.38 49.49   1
:548.62 151.38 49.49   1
+++
:-1.00 1.00 1.00   1
:-0.75 1.00 99.98   2
:-1.00 1.00 -1.00   1
:-0.75 1.00 -97.98  -2
:-1.00 -1.00 -1.00   1
:-0.75 -1.00 -97.98  -2
---
:251.38 151.38 49.49   1
:548.62 448.62 48.50   1
:548.62 151.38 48.50   1
+++
:-1.00 -1.00 -1.00   1
:-0.75 -1.00 -97.98  -2
:-1.00 -1.00 1.00   1
:-0.75 -1.00 99.98   2
:-1.00 1.00 1.00   1
:-0.75 1.00 99.98   2
---
:548.62 151.38 48.50   1
:251.38 448.62 49.49   1
:251.38 151.38 49.49   1
==============================